    3474878
   13386087
   13783441
    4550026
    4804701
   14851457
   10337723
    1419837
    7671156
   11300552
    7088582
    8516991
    5347252
   14959591
    1605866
    2390296
    4275672
    7083580
    5978557
    7369116
   12142063
    6133961
    9369198
    6807075
    8939236
    1921015
   11759496
   10039645
    1137324
    5895874
    5448645
   13220362
     713610
   13999238
    5423024
    4390210
    1344400
   10950477
    6469046
   13519910
    2388905
    7888394
    9246534
    7094523
    1054258
   10448281
     801248
   14612826
    2009760
   12820350
   14810105
    6074684
   14993334
     465589
    9265465
   14222658
   11180091
    9934248
    2491612
   10226276
    8087970
   11590168
   13869931
    3879820
   14712134
   11567768
    4589445
    9009856
   14483344
    6927303
    5507898
    5844504
    4774240
    8613704
   11083330
    2747643
    5335841
    7142102
     748411
   12192840
   12577309
    2030638
    8408146
   11530790
   10241045
   14029777
   14033021
   14851546
    4301614
    7850302
    5934072
   14000543
    8987499
   12935199
   11463942
   12031325
    3808605
    5746663
      10158
    9925357
    5121623
    6830653
   12566031
    6841166
    5286423
   14344919
   12727743
    1990673
    5170623
    3078590
    7523939
    4977659
    9142110
    1912459
    6597185
   11888180
    6308095
    6039833
   14685444
    7347193
     520348
   11906665
     659117
    9129549
    4459473
   13927553
    8992694
    4918450
    9053601
    6579152
   13922652
    5237161
   12575709
   12061711
   13819791
    7320399
   10247927
    2013363
    2819819
     458353
    9542369
    6947472
    7136806
     201624
    5519913
   13781435
    2173074
      69928
     305421
    1781206
    7535328
   13201472
    6176973
     742579
    2666017
    9219879
     672668
    6769110
    6398414
    3200187
   13977876
    9400546
    3891217
    2984279
   12454294
    1396070
    6932653
    9169102
    2192469
    6793174
    8677084
   14960432
   11772238
   11234860
    5302813
    4886503
    5315630
    1137698
     536507
    7662281
    7439181
    1574870
    5639755
    2840573
    8680895
     887508
     819503
   12170426
    9352760
    1314530
    9881568
    8194538
    9234822
   11395406
     722779
    1184894
     431561
    1940154
   12253771
   12955203
     808102
    7330758
    2171817
    4665040
    5042460
    7716849
    1172903
   13006413
   14600240
    8062259
    7807664
    9565518
    9208055
   13943274
    1185453
   10722307
   12738051
    9165829
    9029694
    5697258
    9117090
   10496998
    2099946
    2201407
   13786700
   11769736
    8321281
    2118252
    5809663
   10815892
    5703444
   11075818
    9951876
    3880775
    4876003
    4885471
    8541331
   10969665
    2663586
    5000518
   13067864
    4577009
   12172018
    5442536
     362370
   14946128
   13344728
   12141148
    6042825
    8605836
    9501747
    4654773
   14301884
    9628958
   12996936
    3619496
   11150450
   12048324
     624379
   13299545
    2457383
    6381111
   14016673
   11584106
   14290225
   14169712
    2646995
    5611776
    4593922
    5374804
     702521
    7915154
   12622675
    6371430
   13413245
   12782560
    4175939
     220704
    7688431
    1092312
    4234661
   14701612
   12564350
    8732755
    2108139
    9300167
     408794
    6226630
   12573350
    4078821
    3533096
    9613729
    1451570
   10483319
   10749643
    8760296
    1085036
    2134003
    5092473
    1072892
    5476588
    6534204
    3287710
   13669362
    8865906
    4402663
    2764214
    4585865
    1445970
    3746914
     555961
    6262046
   14835665
    4351886
    4759195
    7776698
   11351928
   11833465
    1429175
    7784358
    3095209
   11843133
   14804354
    4629055
       6944
     881011
     467643
    7710084
   10664307
    8585896
   11576959
    5975856
    2354272
    9728861
    1038230
   12548304
    1052349
    5676359
    8701097
   13789923
    7953525
   11622659
    6737711
    3802916
     675071
   13836004
    9543050
    9842791
    3887952
    9961516
    6765746
    6160402
    9852515
    8744898
    8731376
    1827184
     672272
   14387183
    8821823
   11745880
    9830176
   11169246
   13094854
    6142850
    2531105
    8826852
    5697104
    2808699
    8343404
    9963393
    4962787
    7814867
    3354142
   12026459
   14899049
   10332310
   13346042
    7959930
   14464320
   13968642
     916079
    9496349
   13262489
     674457
   12232823
    1247066
    4418226
   13905910
    6112467
    6630543
    3379811
   13527711
    6107461
     406608
    9889920
    4866606
   12383949
    8659445
    7248249
    9897505
   12136031
    4383559
    8977178
    8219037
   12954143
   12652070
   10071021
    9033651
   14430216
    7183665
     115143
    7050513
   12334717
    6731648
    8989516
   12101673
    7126553
    1359755
    9081364
    2081184
    9292007
    3038383
   13120695
   14693850
    8550634
    8448095
    4316735
   13267255
    7811234
    3452211
    6043751
   10908010
    4317880
   12243064
    4361903
    1260373
    4004771
    6388257
    9840201
   14902915
    2635653
   13402689
    2666493
    8238757
   12046405
    9445931
   10075464
    5872099
    6491189
    8617548
    4105974
    1064441
   14813214
    7099687
    6253125
   11393929
   14366805
   12087011
   10697726
    2644907
     874774
   14592300
   11512026
    2066674
   12382072
   14702149
    2103588
    8663273
     685299
   10824875
   14802925
    5172684
    7572579
    6998811
    1108061
    3365936
   13162017
   13230651
    5843551
    4973638
   12712717
   14710270
   13378545
    4039123
    5680539
    7149629
   13180140
   14659310
    6312510
   12580126
    4070782
    2216719
    2148829
   11096642
    1304265
    3683475
   14040162
    5648587
   13455345
   10323252
     922680
   14743795
   14502084
    2552277
    3198663
    8728933
   10385197
    4818835
   14657246
    1321748
   14722559
    3953686
    8368621
    2624075
   11867677
    8116865
    2114977
    6533105
    4153445
    6143331
    1744968
    2799662
    6324115
   12137968
    1773307
    1332968
    7940434
   13153841
     821122
    6413461
    3450026
    5257937
    9063228
   12317294
    1383460
    1420510
    3725169
    3979974
     566928
    1064300
     207638
    1395403
   10437972
   12502083
    2646994
    1883105
    8627357
    6742492
     310970
    4348606
    3975548
    7534844
   10522567
    1013371
   13719841
    6900029
   14528127
    9877369
    6404785
   10277248
   11735000
   14138805
    8672303
    6340374
     670912
   14940798
    4475911
   10845361
    8656654
    5353221
    8615910
   13613378
    3618405
    7699685
    7490835
   12917356
    4747901
    3081959
     275775
    9669952
    9650997
    1424012
    6891604
    4618846
    2907863
   12306861
    8422289
   10449987
    6063980
    7445634
    5446736
     812146
     599637
    2467017
    8242824
    9329916
    7320411
    6814228
    6953034
    3562743
    2051169
   13522038
   12936050
   12141857
    2496233
    5468175
   14170816
    1351193
    2494076
    3164533
    2133069
    3227714
    9265147
    9103215
    4797834
    6885185
    9329177
    8689243
    1311148
    7377805
   12076940
    3024071
   14420079
    9005007
     449731
    7017808
   13764875
    8919531
    9175478
    4191464
   13490325
    6160241
    1775395
      27209
   11598579
    4779127
    5717985
    2296579
   14110444
    1651757
    3061058
    7715534
   14992062
   11473827
   12559088
     894810
    5283374
    2974736
   14771182
   13358003
   10361241
     562027
     257666
    1023981
   10304417
    8726081
     212260
    7375590
    5078858
   11235129
    1039307
    9144907
    8888475
   14178677
   10322086
    6160979
    1381730
    9516973
    4474766
    9275818
   10849632
    7416859
    6465947
    9267479
    9366426
    7392362
      55047
    8286216
    2760094
    9519799
   10255892
    4576438
   13033401
    8066569
    8918760
   12994551
   12789011
    7839925
    1609096
     433680
   11389104
    7008908
     803337
    9782943
    5663443
   10806636
    7852346
   13159598
    8489089
   10967571
   12394941
   10509067
    8578352
   14764457
   11607077
     881187
     131972
   11748773
   14508105
    9631315
     207277
   13844147
    9511926
   12180650
   10769646
    7099390
   11361699
    6366928
    3032802
    1999569
    1302219
   11585800
    3936407
    4349120
    3348893
     264555
   14342362
    5731234
   10812835
    7015660
    2268065
    1886177
    5372038
   10679941
    9531583
   11105858
    9647912
    8645374
    3107092
   12169462
   12605586
    8765589
     634729
    3222066
    8015726
    5376335
    3087916
    6014105
    1021442
    3259718
     163200
    8689279
    4566566
    9749196
    3773524
    6151582
    3902215
   13176147
     452538
   14183278
    1473506
   14542964
    4164058
    9536067
    9227185
   14809660
    3623930
    6280812
    7905987
   14085962
    2425074
   13104393
   12143239
    6274823
   10534995
   10541253
   13120672
    1650009
    6132632
    4861709
    1938116
   12340043
    6409470
    1239482
    1009050
   10539279
    7827446
    6286124
    1397919
     117785
   13835263
    1621944
   14120310
   12457514
    7833518
    8178989
    9156082
   12301531
   10227286
   12364789
    5074667
   12631426
    2643256
    6478624
   14702164
    4043630
    2615629
    5428759
    5961815
    6231331
      86176
   10091157
    4936366
    5279064
    8062667
   11038157
    8693345
    8659983
    1640908
    4663068
    2970271
    1377853
    2630699
   14516592
   14996407
   12880600
   12444283
    3222095
   14521890
   12301591
    4712378
   10338509
    8945046
   14099737
   14787469
   12024945
    5873470
   13649636
   10055979
   13831487
    3662498
   12648854
    7249501
    4213136
   10476775
    6936048
    8761961
   12028396
   11814731
   14319659
   14869084
    6800496
    4342890
    7833261
    1844824
    4386839
   13805742
    2632677
    4312612
   13067886
    6211513
    1665905
   13706559
    8441259
    6732187
      78460
   12019828
    7274576
    6473441
    9025216
    6875776
    8470311
   12851921
    1217330
    6452055
    2513156
    1595251
   10946671
    3121344
    1441781
    5303358
   14835929
    7139978
   14842178
    3877428
   13178188
   13547362
   12706543
   14923536
    8656272
    5528036
    5993559
   13896389
   11612287
    4081801
    4025894
    2648816
    8121015
    2637623
    5874971
   14027678
   11535783
    2692830
    5835630
    8467558
   12300926
    6537088
    3589734
    6507607
    9957678
    3647904
    6489526
    9159107
    4766506
    1041979
   10578972
     622363
   10990612
    4498149
    8482020
    9448859
    5324883
    3420710
    7218889
    3808003
   14591279
   14266978
   14212349
    9634210
   11122013
    3759242
   10150997
    9130794
    4314425
    1089601
    6459637
    7946712
   13817628
    3871615
   12381844
    6212979
    8072699
    7396893
    7682398
    4776404
    7809819
    8629652
    3746736
    4951852
   14071697
    5892543
     357681
   14881109
   11774331
   14286354
     661086
   10313226
    7823932
    8282456
   14296665
    2727424
   11597826
    6547315
   10418270
    8933660
   13924814
    4653246
   11048645
    8289841
   12204014
    7926199
     254331
    8067389
   11772841
    7106877
     968479
   14895104
    1866534
     627766
   11052053
   14521359
   14332929
   11471094
   13415732
   14018379
    8898220
    2719467
   10864887
   12479759
   10785873
    4248686
   11950266
    4824527
     864163
    4619294
    5842420
    5626178
    4106169
    3811777
   13559820
   12615104
    3908137
    7445143
    7031257
   10357978
    3751733
   10140237
    5746680
     233650
   13187978
    9266829
   10982331
   13798149
   10111557
    9036189
    3734227
    7472798
    3209612
    4568911
   14117766
   11253253
   10241213
    7913477
    9574017
   14466872
   10715511
   14287987
    5257507
     402862
   14894919
   12140229
    8910736
    2558995
    5357763
    1438385
    5293522
   10166767
    5891971
    9798865
    4224743
   13176173
    1250588
   12490041
    5548750
    8064592
   11668013
    7311211
   11355427
   12220327
    7879523
    4142862
    4216232
    7102579
    2625138
   12820868
    7944270
   12823744
    4152835
    5716496
     840787
   12275704
    5472408
    5800597
   10357701
    7448520
    5262427
    8257142
   13107203
   14425487
    2722917
    5743924
   12259710
    4736888
    1428595
    7927423
   13255314
   10214783
    7104432
   11868159
    3353322
    2038040
   12324711
     621334
    5445069
    7710119
    6562469
    8810595
    3919685
   12097882
    8963981
    7236903
   14246606
    1090108
   11563410
    7930599
   12784845
    7639561
   12571758
    3140181
    9007771
   14726293
    2810179
   11580545
     753108
    9702464
   10364419
   13228234
   12362381
   11536071
    6154688
    2046941
   12443783
   14036850
    9962369
    9516583
    5309049
   13911112
    7251886
   13242205
   13083647
   10161458
    9365638
    6070544
   11346259
    6854106
   10997350
    6071420
    2031908
    1142247
   11980277
    8251665
   11854942
    5495989
   12706638
   12511131
   13353277
   13880351
    8036603
    6987490
    9729772
    2698068
    1466199
    7973770
     428108
   11010205
    8980556
   12818789
   12296169
    4100454
    6270584
   13336670
    7760999
    1720737
    2267083
       3143
    2728659
    6804931
   11986369
    7031480
    1691747
   13297997
    4930803
    6069464
   13645569
    3435612
   11052178
    7124291
    4757693
    1001491
   13026148
   10941296
    3091749
    9235664
    3151497
   11013197
   11706291
    7972703
     950710
    2040336
    3739090
   13463889
   14317879
   12562993
    5623466
     963350
   10600286
    8618963
    3741226
    3220130
   13367938
    7222960
    5093915
    2295251
    5821564
    7609420
    7786357
   12583742
    6972905
    9935616
    5744156
    9699960
      62698
    9695762
    7194942
    9277556
     119697
    3788727
    3106509
      89442
    5155976
    2856354
   11524269
    8088164
   11992110
    1963900
    1939532
   11339623
    1778152
   12206020
   12842281
    2778171
    5409117
    1615874
   11710639
    1628033
    5175643
    6027486
    7139902
   13823796
    3182460
    6870457
   14753238
    8740187
   11357741
    3818232
   13955515
    5555308
    2398403
    9685681
    5471927
    5396769
   14239932
    4349917
   14665799
     295621
    8644222
    9913711
   13416954
    6883283
   14281073
   11400956
     926110
    1660504
   14836506
   11676110
    8880422
    8264614
   13652703
    7391519
    1977272
   13026997
   13791527
    1008861
    2766918
   11257563
    8933436
       7526
    5758676
    7562865
   11148744
    8101195
     179832
   11109082
   13565511
   12701381
   13903477
   11283004
    3119278
   10612686
   12386433
    4660616
    6567768
    6456468
   12894979
    2894411
    6190344
    4545588
     532137
    4221077
    4190338
    8599672
   14671414
    3225892
    8050705
   10280652
   11119423
   11745243
    2394406
    8698173
   11883376
    7998923
   11281294
    7065021
    4740331
   13872435
   12979167
    7296403
    9353472
    6947769
    5594133
   14678977
    1706059
    6471138
    4928541
    9731080
    9289427
    2582905
     281530
    5420645
    2841452
    9835260
     830745
    9173735
   12517409
   13630829
    1566970
    5831380
    3045219
    8967755
    5032940
    9394156
   13292494
   10253835
    9552423
   13239743
   12782680
    1102148
   12086001
   10328981
   11178931
    4950831
    9608723
    1541063
    6912825
    6839079
    2378062
    3642183
   11111552
    3595132
    6544416
   14935599
    2519778
    6291370
    8293766
    2043080
    8955701
    4308222
    4948688
    7844137
   11553893
    4518117
    8902557
   14613177
   10989242
    8478929
    3309400
    3558572
    3820474
    8844704
    4598646
    6173659
    2211412
    9046815
    3954471
   11712504
   13251592
    3454942
    3007615
   12762286
    1648536
    8994170
   10467153
    2925601
    8030959
     742744
    3821418
    6871956
    8071260
    1066804
   12383111
    6329741
    9005161
    5295408
   13221612
   10309283
   14386879
    3446417
    4617906
    4286856
   13817695
    8050906
   11825728
    1724553
    8348984
     264917
    6649788
    6242265
    2374486
    2186839
     790333
   13230955
    4872463
   11576190
    8011957
    1275302
     385179
   14291702
    8131409
    4717293
   14714393
    5321049
   10624071
    8772077
    4351092
   14276011
    1440630
    3151385
   14851717
   10595155
    1886014
    9520563
    7725783
     461071
    7262860
    7895612
    5827169
   14739036
    7907867
    9797873
    2807547
    7586000
    1985625
    4960046
   14709081
    5870197
    8275674
     186293
   11948131
   12806518
    7147244
   12952714
    8886509
   12179039
    4220159
    4884178
    8734621
   11666464
    8631616
   12270906
    4152071
    2424233
    1101485
   13371394
   10219658
    7183536
    4316712
   13690618
    6979844
   14268423
    7079954
    4630090
    3631545
    5962011
    6654848
   12392122
   12601315
    4850410
   11904911
   14886017
    1014046
   11377355
   14998796
    4563510
     635429
   13752299
    2057996
   10985151
    6737531
   11002607
    7974452
    8655949
    1722195
   10037944
     572329
   13129464
    9727755
    5032039
   13699988
    9646390
   10315845
   12573608
   11096052
    4835986
   14187475
    5875124
    9213833
    1222937
    2823324
    3852059
     337581
    3031898
    4695404
    7508131
   10655295
    5360538
    1112518
    5874936
    9212794
    1213070
    4503117
    8582012
    3896671
    6263735
   14445682
    8039245
    6893918
   10490079
    7076422
    7141722
    7752586
    8231944
   13877719
    6578250
   11991739
   11142387
    1452513
    2279568
    3370931
    4224339
    3887702
   14567433
    7215703
   14979095
   12405556
      22308
    2224247
    3700396
    3651233
    6656696
   10613436
    9609331
     650790
   10606639
    3161366
    6491657
   14908880
   13189174
    7801134
    3608953
    7750033
    8171546
    7086812
    2932375
   10140908
    8706237
   11901696
    4208651
   14707361
     362353
   11831165
    7794605
    1134013
    3800143
   10569977
    4146164
   14491070
    5408703
   14531478
   10454854
     265246
   12742792
    4242898
   13868990
    5430079
    1808861
    6143685
    1291769
   11548861
     240432
    9553378
     567494
    2026558
   13120163
    2856398
   14842214
    4127019
   13276632
   12684447
     757911
   11198716
    5468773
    3864087
    3611754
    3155165
   13426955
   13723780
    1592996
    4075353
    6871678
    9337263
   10760686
   10523705
   10299229
    8287627
   13638665
   13194412
    2948047
    6601778
   12694881
    1882995
   10680244
    2049999
    4531580
    1794125
   12381764
    8281440
    7502701
    5475550
    5680701
    1717084
    9643237
   11629564
   11341922
   14007694
    9314335
    3059539
   11951540
   13944538
   14164114
    3641668
    6111275
    7088774
    2509820
   14718425
     583591
    7702207
    3430801
   12315982
    5626205
    1419747
    9075266
     722702
   13193197
   11027220
   11276543
   11679460
    6063341
    6398521
    9064052
    3297876
    6958806
    4178019
   11663141
   12631238
    4155984
   13327375
     829650
    8734960
    8764581
    7265259
   14976985
    3308286
    8479990
   10269964
    9875094
    8655351
    2594465
    1964936
    3744850
    9073945
    4460372
   14078118
   12554251
    6369899
    2120790
    6700260
     961211
   10514750
    9760272
   11176321
    4146346
    9795752
   13812299
    8845471
    6381664
    1042276
    5444596
   11254140
    3415647
     150791
     671818
   14179140
    4222048
    4207659
   13195512
   14040620
     953792
    2467659
   12043575
   13780468
   10918838
    6513413
    4059930
    9343528
    7105311
    1055244
    3352929
   10221899
    8454819
    4897997
    4896401
   14839325
   14916354
    5478596
    8013961
    3761796
    3608082
   11924192
   14319769
    3948289
   11850991
    4618127
   12733863
   11727564
    1006976
   14427436
    3477968
   14630958
    8497303
   12773466
    9280437
   12560084
   14035065
     963741
    8581288
   10598183
   13044843
    6225894
   14381541
    3651490
   11206240
   13697145
   14971472
   10950198
   13014317
     687710
    7485980
    2763406
    7944579
     454554
    7587571
   12100338
    4325294
   14448410
   11244798
    5829488
    9503169
    8800710
    1029053
   14181209
    2580292
    2563202
   13395954
     321640
    4144602
    2679870
    2589584
    6786490
    6833048
    1841955
   10504399
   11286925
   13671036
    6151209
    4422009
   14244881
    8138162
   12325072
   10344034
    1477682
    7889569
    8814115
   11378857
    9067152
     303653
    6393601
   12680598
    3011271
   10293454
    7973635
    1943819
    5202711
   14500528
    6272091
    5406934
    4019543
       9092
    6418571
   13563619
   10467914
   13075019
     771306
    4044153
    4508421
     462517
    5230643
    9786211
    9325423
    1756984
    1734485
    3971693
    6909397
     146287
    8419697
   13806718
     337530
    2109777
    1318654
     966773
    7113586
   13779044
   12234309
    1890375
   13670976
    2042915
   13939058
   12937311
    2930523
    7491503
   10953744
    7190514
   11176361
    2091071
   11397431
    7939813
   11253341
    9843849
    8842653
    8620711
   14369239
    8449155
    4258880
   10255084
   14135643
   10462778
    4377181
   12776687
   13919620
   11428542
    4008460
   14307029
    1796479
    3095786
   14732714
    2445577
    3021068
    3706995
    4605842
      60628
   11155430
   12039474
    9367741
     838945
   10722934
    1096465
    2330592
   10394267
   10259137
    5052048
   13978463
    2410640
   13301133
     125219
      66031
    5429457
    1425219
    8107158
   13685675
    9254283
   13245858
    2139269
   14240862
   10847934
   11369739
    7831062
    9853119
    8998875
   13194001
    7019978
   11921319
    4603582
   13501342
    2463667
   10898088
    3000465
   10380710
   13418064
   10846334
    1347527
     541352
    7132633
    6715363
   14508289
    7791534
   11651085
    3142121
    6891271
    6251063
   11705863
    2062743
    3776039
   10335407
     145975
    8028215
   13726916
    8015553
    1847345
    5381710
     558909
    4408891
   10313861
   13177250
   13721815
   14880737
    5191329
   14759894
     601094
    9592541
   12235775
    8937483
    5455432
   11089720
   10766990
   14135155
    4447915
    3870596
     122158
    1240741
    4504378
   14147316
    7527829
   11981235
    1038425
    1578713
   14712185
    9820518
    1662116
    7101859
   12516914
   10349544
     297758
   14382573
    7936107
    1501442
     778977
     849504
    3520661
    7274712
    8271047
   12070051
    2197185
    1915035
    7043550
    6036851
    5463651
    2840970
    7616822
    2675631
   13220334
    2418808
    6399173
    6743445
    6321750
     245110
    1046951
    5725234
    9077985
    6251671
    1198024
   10558486
    4806002
    8297329
    2940010
    4034209
    4505443
   11409111
   11301062
   10174075
   13991863
    2198413
   14337542
    5202874
    9377514
    1310359
    9019266
    8191061
    2120678
    6980287
    3490097
    8594903
   13610224
    9892015
   14619195
    8686268
    3079294
   10054469
   10373188
     262432
   10067112
   11407734
    4221680
    5736877
    8400472
   12565750
   12927271
    9296795
    5635273
   13057473
    2511352
    7630473
    8189920
   14359869
   11997675
   12312784
    3000790
   11766938
   11635221
    6703501
   10732140
    4031648
   13521938
     278240
    7103474
    1169544
    9780697
    8889111
    6985620
    7360927
    1791260
    9446337
   14801033
    1959385
    1170409
    4889140
   10972065
   13374606
    3865889
    4494630
    4786348
    2832091
    7442878
   13915834
    7840880
    6143024
    3803937
   11973057
    9601564
    7910564
   12989283
   13442554
    9094148
   13198284
      68223
    2951298
    9375603
    5481898
   10276690
    2771918
   14790513
   13743054
    2052828
    8171676
    8985238
   14400897
   10630790
    6720226
   10810773
    4893374
    4783126
    1038547
    1430313
     580103
    2233895
    3179967
    5822323
     893785
    3842582
     635015
   13762387
   10783396
   11504008
   11751623
    5911569
    1363819
    7149251
    5213398
    8055527
   14038444
   12489263
     595748
    2267088
    5558713
   10401680
    7911502
    2174577
    9997727
    2602116
    7462536
    8435283
   12450772
    3974483
   10273147
   12721576
   14207166
    3079007
   14480729
    7679532
    8239394
   13586741
    5410651
    7927268
   14914596
   14105922
   14857775
    7425418
    2649622
    1157086
    6937086
    8006443
    7851197
   10562227
    3432223
   13999023
    4973049
   11660712
    7807789
   11878287
    2048776
    2433351
   10701071
    3655018
    2373151
    1533995
    8418669
    8406540
    3181234
    7586804
   13273460
    2107806
    4685504
   10587012
   13161202
   12550488
    3591991
    1771266
   13026763
     602447
    4399450
   11129770
   12677201
    1761562
    4529579
    8000289
   13627562
     994724
    4368753
   12833835
    8513088
    8636552
   13004232
    1748894
   12063163
   10608992
     305746
     886001
    7385266
    8033993
    9971205
   12640219
    2385640
    4854027
   11949572
    7898977
    9364494
    1420201
   10744108
    5117752
     963666
     392790
    3560809
    1441270
   14520819
    8749080
   13689364
    2362412
    8724263
    3721994
    4155163
    2663669
    3160274
    5358889
    7942931
   11320089
     458835
    3337739
    3684469
   11175869
    4457656
    4752658
    1429688
    8404597
    5687021
    1647397
      28432
    9131795
    2898374
    9518809
    5780578
    6833867
   13721357
   12654894
   13557424
    7605433
   10696226
    1810880
    3195226
    5474232
   13363789
   11379322
    6250880
    4393252
    7893312
     423479
   10727344
    1446180
   11513241
    6059913
    8924473
    2086453
   10435380
    2502862
   14463279
    6305230
    9098974
    8898517
    4927874
    4219943
    7235245
    2041731
    2546271
    2798497
    6774302
    3789699
    9217152
    4795746
    6656515
   11921793
    4237395
    3966381
   14190544
    3139190
   12963437
    5014424
    1233023
    8447160
    4482437
    6902437
   11780803
   14023241
     951687
    3367069
   13259855
    6874955
   11594776
   11434306
    1146810
   10432298
    5505941
    5447046
    9908501
   11514624
   13316443
    7380503
    9035427
    9122775
    3728476
    7036495
    7610448
    6598801
    6010313
    8188405
   14966812
    5611689
   13223387
    9350265
    7536096
    1642615
      46742
    9554314
    3866748
   11001084
    9848123
   14906562
   14616639
    6097115
    5662529
    7846298
    7467454
     401474
   13521736
   10770350
    2045495
    8473726
     215646
    2060366
   11375154
   10911760
     581167
    4478858
   10278057
   14412648
    9905289
    4260971
   11235596
    6354858
    6171778
   12032519
   11559571
     523331
    3319823
    9605548
    6868032
    3911316
    3465162
   10058744
    6316139
   11844303
   11400526
   12662621
   12210318
    9401127
    6605831
    9193503
    1422873
    1258025
   10128660
    2496775
    5899050
    2133342
    8385899
   12263502
   11141332
   11736127
    2672313
    8469077
   13751665
    3178203
    2155188
    8804987
   11258185
    7843394
    9824264
    5739076
   14454362
    2807963
    5117401
    6125844
     916032
   12384174
   12982610
   13995993
   12462018
    5655320
   14140514
   11607760
    8362163
   11927151
   13605657
   12658944
    2549645
    9782185
    7801535
    6326477
    3494548
    2903996
    6539539
   11224339
   10327273
    1520817
   10823936
   14925681
    2218421
    6776529
   13007073
   13283829
    6342098
    4862000
    1579936
    2585340
    7636999
    5005481
    3150604
   10171606
   11383038
    9858761
    1468760
   13484572
    7087871
   12817866
   13988743
    7604138
   12274662
    4441007
   12156550
    6854021
    2319304
    1523379
   10477109
    5854451
   14646365
   11700662
    7206714
    6490190
   10460183
   10427647
   12648622
    2714095
    4508778
   13915381
    2511008
    9711927
   12940877
    4941098
    1879651
   11420563
    7705920
   12834992
    7786237
   13075405
    1358694
   12417570
   12382513
    8399950
    3112108
    4030623
    8443775
   14607725
   14329189
   10634512
    9816620
    5619641
    3888705
   12602844
    1897313
    1656252
    3477590
    3020133
    1390158
   12138719
   14367351
    5368300
    3302540
   12875249
    4915700
    4412906
    5866880
    5896024
   12836249
    2202803
   11346470
    6960704
   13782515
    8445229
    8387297
   13137192
    2846519
    5882310
   11473479
    9335147
   11847634
    6161324
   13484476
   12769428
    5815895
   10712750
   10846625
    4475488
   14073772
   11185340
   13430713
    7706067
   10543778
   14566778
   14975868
    6455339
    5454424
   14506210
    6376870
     445064
   10636150
    8404996
   10694579
    3762923
    6740440
     517335
    2641488
   10774968
    8542909
     169465
    7814451
    8688827
    3774890
   11598852
     683971
    3607673
   10284503
   14407810
    2190501
    3380497
   10743599
      64020
    4707679
    8556215
   14080141
    8340271
    9418620
   10299440
    1059711
   12048157
   14012032
    4379847
    9978430
    4878304
    2388772
    9122020
    6739602
    4892999
    1451233
     790546
    1092444
    7637336
    2826237
    3724962
    7637725
   12789895
    7087401
   12173910
    4723087
   12065701
   11050107
    5477048
    6939182
    4221010
    6588615
   12208433
    7286975
   10137934
   14988167
    9009335
    5723889
   13431314
    6302949
    3222314
    9317153
    8380732
   10051065
   10260409
   13912471
    1200157
     765281
    9669670
    7550056
    5724764
    4397345
   13704848
   13986646
   11413768
    1023964
   11247678
   12276826
    2727386
    6012451
   14088673
   11806967
   11507704
    6542608
   11124317
    1647773
   11047813
    9603659
    7980865
    9231966
    2574165
   13939426
   10757101
   10247666
     483591
    6103895
    6630440
   13043275
    3575989
    3499780
    8127665
    5404359
    2494207
   10504588
     608638
     869519
    8735957
   13269531
    5236021
    8784790
     185365
    9977259
    2949692
    1637336
     542204
   13150823
    5770176
   12737695
   10398987
    3212360
    2811573
    3405087
    6785072
    2189230
    1374691
   12394776
    1018306
   13833399
   11535831
    5117748
   10073176
    7217461
    7460321
    9849887
    4983276
    5433242
    5535357
    9009109
   10199206
    5177152
   12987994
    6156726
   10025589
    1302668
    4586251
   10784753
   10484423
    5963438
   14382072
    2164055
   12987319
    4874632
    1356812
    2043507
    6936595
    2657874
    8685232
    6975270
   10243510
   12558996
    8537321
    7324225
   10947922
   13835480
   13216745
    1572735
    5748433
   12588701
    5726197
   11517143
    4283619
      83347
   11369247
    4942960
   12122235
   10426511
    6822483
    4202385
    2628776
    3427228
   13913692
   10079718
   11787199
    1913508
     635837
    4636963
   12761016
    9950838
    9178036
    2247944
   11269916
    7367561
    6321807
     142425
    5698235
    2626623
    5825426
   13248974
    4518674
   13626846
   12330422
    2681052
   10792198
    1150390
    2288782
    5241118
    2089345
    5840732
   14162519
    2954294
     402893
    2798986
     371043
    7467463
    7279584
   14395308
   10310793
    5200110
    9989763
     164470
     378717
    1261696
    6603952
    1681164
    9949318
    5978005
    7785339
   11871380
   11836708
   10586664
    8265290
   11278727
    1841376
   13011336
    8922946
   10654305
   14472827
   14037710
    1525200
    2528733
    3629547
   10321901
    9020030
   13374165
    1972354
   14697679
    8320422
    8704529
   11084413
    5775884
    4817568
    5989542
    6582780
    9185702
   13008062
   10031065
   14086288
    5150284
    1482895
    5181822
    5228719
    7260772
    8702948
    7903496
   10348613
    6501936
    5176191
   12039000
    4649970
    4990926
   12807267
   12206336
    5664912
    7372510
   11889725
   13311081
    3015667
    3423524
     570272
    2659253
    5120445
    8138113
    3953274
    3293006
    1088612
    6346755
   12132127
    4790078
   11383432
    5579691
   14814540
    9288191
    1739479
   12787604
    8598681
   14949898
    8704200
    3718143
    1682010
    2018477
   12526840
   13503868
      66016
   12280071
    7927059
    7266213
    5004048
    6036271
    3361273
    5895402
   13067612
    5392190
   12633105
   12528987
    8149940
    3219836
   11364925
    3506662
    6270210
    4318108
    3129853
   14582523
    1055893
   12340899
   14403649
    3049689
    8328738
      79504
   11162801
   11391909
    9758467
   11430568
    7600036
    2876562
    2583703
    2207846
    4174250
   13187255
   10795011
    9571064
   12082542
    1430819
   12020132
   10592448
     174165
   13539543
   12446036
    2543607
     666458
   10559257
    4121327
    3688456
    5289007
     357417
    7265126
     309469
    3810898
    5967291
    5676484
     168048
   13768206
    3861449
    3474868
   12203109
    2847391
   10946689
    3412583
    7727941
   13716526
    7475635
    9058044
    9886793
    8955243
     269587
    9167519
    6435640
    5473248
   11252381
    4303957
   10763580
    5763155
    5961397
    7316650
    2049393
    4825831
      15492
   11580763
    7830416
    8304767
    8371834
   11093932
    8469701
    2313236
    1623558
    6307668
    6151961
   11836640
    4818044
    6293379
    4997153
    3398994
    3764347
   14002327
    3505701
   10378861
     638366
    9335201
    3407341
   12689033
   10612591
    1427566
   10929609
   12511590
    6901874
   13247584
    4106966
   12809545
   11938373
    1781084
    1992369
      45500
    7988542
   12049223
   11450577
    6205165
    1791337
    3487632
     126068
    4630004
   13961858
   11189254
    7906433
    9942002
    9893304
   12981175
    4111779
    8297848
    3154375
   12297181
    4501429
    8730735
    2095118
     471009
   10198658
    1616651
     753542
    8341775
    2173262
    9797620
     804879
    2002802
    7425454
     275796
   13392598
    4061949
    6037921
    3839168
    4520762
    5257373
   10289019
    5373854
   14755653
    8786359
    2617954
    8466134
    1123330
    2075379
    2234394
   11076953
   14692766
   12250839
    7500405
    6729433
    4904150
    6554626
   11113676
   13376308
    1054292
   14959614
    7855082
   12552651
    5593556
   10910095
   14040335
   12663972
    5460780
    2677793
    6555350
   12689011
     424742
    4866874
    3334399
    2827760
    1903939
     165239
   11265832
    1740850
   14024962
    6802286
     722125
   12594891
    4213446
    9261690
    5948469
   14202485
    8592276
   14572128
    5678545
    3999437
   12244154
    8472396
    6364281
    4618784
   10131400
   12339575
    9387022
    9210544
    4323738
    9221961
   13078814
    5968933
    7957678
   12467880
   10962622
    3052468
    1709950
    1707320
    6950141
    2197147
    8140076
    2846406
   13691453
    3556537
    7218280
    9109243
   12984428
   12275681
   11804395
   10513544
    7493396
    6264353
   13404638
   13842745
   14768586
   12734407
   12006910
    6580929
    1619805
    2747316
    8184891
     613576
    1301140
   13071016
    1699246
   11116134
   13842099
   12053715
    4171095
   11289958
   11209443
    5478770
    5376928
    7470327
    3238904
    4856437
   14938965
    6637055
   12963738
   10460571
    2950880
   14779702
    2510539
   10802274
    5151303
    4350430
   14887957
    4185277
   14196952
    9815502
    2479109
    8195850
   10613409
   12342818
   11983263
   14900511
    1688212
   12111792
     446162
    7736391
     644277
    2977608
    3153227
    2852183
    8829511
    6494010
   12251403
    2668135
   14273678
    9762170
   11943945
    3406653
   14686148
   11721236
   12539876
   14744154
    3864196
    1139404
   13485948
    3469674
     480616
    7551812
     629868
    8454361
    5225440
    3854447
   13103597
    9176748
    2142456
    2077466
    5348117
    6002680
    4675061
     707571
   14364269
    1420697
    6990730
    8460142
     345930
    4437697
    2341553
    7256394
   10870197
     114089
    4479500
    3532614
    1152596
   11800600
    4717250
    7158502
   14507707
    6357850
    9702039
    2146374
    6885776
   10600607
   13302149
   13251517
     549651
   10184384
    3089308
    5249581
   13515706
    9692517
    6665507
    8680858
    8865358
     501477
   12104683
    5765217
    6628545
    2504627
    6976323
    4394408
    2158854
    3024845
    1395504
    9158114
   11858408
    8921103
    2701699
    6260481
     589177
   13289817
    5630686
     292000
   10871459
    1534876
    1711694
    4415376
    1693006
    6859063
   10719488
   14352248
   11419357
   14309290
    6407783
    9908438
    3406759
   11914817
    5439339
   11608244
    9344740
   14403860
    5580137
    3665546
    2038963
    4098926
    5284860
    8177106
   13931357
    9276220
    3018558
    2417507
    4564620
    9994487
    5649064
   12820872
   12650266
     440624
   13358474
    4259242
    5822844
    2345551
    6936387
    8583838
    4800637
    4604566
   13651612
    7506183
   13133513
    4637298
   12995310
    6114045
    5144902
    3039141
   12292451
   13720714
    8016381
    2126901
   14544275
     347322
   14548119
   13050142
    2323866
    9098319
    7138247
   13534122
    6207800
   14393832
    3898373
    9397321
    7742875
    2298459
    4883992
   12129860
   12113245
    5538034
    5277955
     963138
   13085183
    8773810
    5014171
    6056601
    3219102
    8590835
    4147898
    2573785
    9613019
    6446077
   10173406
   11500261
    1602134
     722472
    2277977
   11664010
    5240777
   10630219
    6741780
    1930738
    2687966
     662003
   14403339
   11448042
   14034240
      94410
   12526292
   11580303
   11116785
     880847
    3039335
   10828036
   14909703
   13160105
   10832875
    4760231
    6956628
   13174978
   10464669
    1602647
   14893908
   13487530
    1982944
    9757178
    9045960
    8901346
     642710
    1604660
    4120335
    2385249
    6536458
   13553560
    5741106
    9394789
    1247043
   10229814
    6837832
   13116463
    1098289
    7618054
     726519
    1209311
   14237765
    1458294
    6619454
   12789733
    3209107
    3689664
   11204299
    1717932
    5417641
   12356293
    6811076
    4058896
    4004365
    6445942
   12763783
   11066700
   11029623
   12528882
    4145728
    9310266
    1039638
   12261146
     301995
   11014800
    7413377
    8889467
   12519672
   12609651
    3087638
   14018027
     402224
   14197895
    6292405
    3037994
   14453278
    3112629
    1393917
    2091814
    1141303
    8937360
    2621096
    5115217
    3545481
   14172015
    8553200
    1138378
    5138038
    5753100
    7859938
   12983241
    6657660
    2154069
   12420932
   14060749
   14045204
    5630380
    1618807
    1894603
      81229
    9240541
    6107398
    7577551
    9571815
   13319613
    8412886
    8110263
    7487263
   14841987
    7700617
    7934829
   11157409
     999591
   13733764
   13542091
    4475299
    5697619
   12471675
    9888624
    4392588
    8359564
    7082041
    6860354
     853627
    7479978
   12842013
   13843529
   10978525
   14180208
   12309485
    1669622
      40111
    5608078
   14720592
    6128962
   14224688
   12645970
   11543936
    2247637
   14828454
   10257320
    3176069
   13791533
    2356923
     661261
   12077205
    7611262
   13661817
     266543
   10540887
    8311063
    3911332
    5909433
    6421188
    6392308
    2813783
    1460370
   12610369
    3665950
     114995
     139054
    9758319
   13229293
   10205883
    3391897
    8572133
   13815758
   14902819
    8009146
     260002
    6009356
    7536455
    6090118
     176435
    6504500
    6194479
    5492063
    6334050
    5251475
    1405144
    8110319
   12339697
    3183493
   12653714
     245967
    9975203
    9473678
    7448936
    2393977
    7822605
    1009354
    6865132
    4361237
    2298131
    2176193
    8365574
    4996408
   13193048
     813642
    2212221
    8837012
   11628268
    9237518
    9993011
   13126875
    5694596
   14874815
    7916631
   12517705
   11900563
    9620965
   10613098
     714088
   14906155
    3840241
     319199
    8526961
    3093100
    8608521
    1996598
   12842819
    1189256
    8100233
    6470675
    2521281
    4888654
    4988988
    4835560
    7278132
   11798862
    1690799
    6196599
    5236919
    6007829
   11106043
   10281655
    9837279
    1429536
    6838890
    9006237
    1099333
   14446507
   11128545
   14745950
    7013874
   14612248
   10105374
    8733586
    4638471
    1815048
   11938930
   11876046
   11920024
    3195629
    5575203
    6695132
    7021726
   13085260
    6816616
   10735739
    9536136
    3269276
   11412924
    7607554
   13245606
    5564204
   13311337
    2108103
    5791590
   13635205
    6132769
    3114920
    3651480
     236980
    6117855
    8366820
   13513217
   12726343
    1524668
   13841675
   13395091
   11211207
   11721086
    7043280
    8096884
    7289651
    5336552
    6882487
    7711639
   13995656
   12855399
   11009860
    5761159
   13899315
    1081399
     561149
    1053526
    5608032
   13196390
    7476819
    7179138
    3262001
   13361103
    3184301
   10570507
    2850222
   12487833
    5001094
    9435937
    3563639
    3083711
    2966645
    3687181
    8596444
    8232684
   14706524
   14418435
   14771492
   10626925
    9696855
    2873264
    5677936
    9648907
      24134
   14700290
   11831107
    4457429
    2161858
    9906852
   11979821
    6031523
    6334381
   11584672
    9616867
   12847935
    9825387
    7790733
    8000517
    8036331
    8100300
    2632051
     837295
   12910020
    2782989
    2588635
   14396651
   11356196
    9801713
     642075
    4421619
     574108
   10890951
    1944919
    4477511
   11618277
    2740052
   11941372
    1716473
   13174215
   14588840
    1091667
   11786716
    6017859
    8632112
    3281665
   12708737
   11793160
   10527093
    4696585
    2340674
     318763
   13428424
    7020770
   13484943
    7063719
   14968827
    3612423
     453139
   11527169
    8359432
   14349403
   11236992
   11305528
     808886
   13764606
    6546012
    9162550
     193372
    3767244
     324717
    4084175
    3658750
   14652004
   14143130
   13603889
   10886126
    2392346
    2177839
    6278923
    1172540
   14540854
   14857432
   10662537
   13815454
    5940876
    1614258
    1981534
   11627599
    4921704
    3422130
    1501510
    7543203
    8411115
    7289506
    5770490
    7301359
    2114912
    4935817
    3394046
    7449096
     972657
    6015708
   10328646
   10164889
    9801409
    9201402
   12897092
    7719245
    4583567
    9315495
     382893
    3785243
    7564822
    1775561
    9925317
      95069
    2525640
   14975968
   12238989
    6167998
    3672461
    6115795
   14612011
    1332944
    4791522
    3281142
    4528116
    9018661
     301279
   13663272
    5766420
   11469412
    4393924
    8987109
    1792109
    1572109
    7317014
     174248
    8947750
    5691707
    9035697
    1896751
    8595377
    2408495
    8107765
   12385956
   12656402
     253526
   11902110
   13924652
   13042209
    4278964
    4669143
   10184250
     930920
   14043005
    1347664
    4672096
    9503687
    5352801
    2269572
    4701085
   13974580
   11493000
    6008673
   12919887
   14380941
    7448854
    7725805
   11939406
   10998499
    3069932
    3237750
    7051993
   13626298
    8497645
    3672870
    5553528
     123989
    5563120
   12285178
   14337884
     252306
    4110900
    3247671
   13341061
    5495997
   10793945
    2706933
   13598127
    8617835
   13135623
    2422614
    2686512
   13591644
   13860331
   13490117
   10301475
   11036785
    3613797
   10197138
   13116980
   11386068
   11283058
   10207903
    4627930
   12099286
    8805176
   11237740
    2239597
    5735533
    4635805
    5064130
    2397892
    8009754
    8383396
    9269725
   13682310
    3842290
    6824627
   10102279
    8211520
   10490346
   12543751
    9780809
    7413176
    1476686
    3310545
    3398654
    2691572
    1008235
    9873698
    6810183
   12922276
    5538446
    8644160
    7980310
    7057722
    2412501
   11244376
    7709656
   14704122
   11269445
    1471014
    4554671
    8483287
    5284724
    1552455
   11514288
    2110904
   12111860
    9437814
    8716146
   10224342
   11063004
   13599974
    1226329
    9080001
    6448782
    9011230
    2675918
    8632268
   10337243
    8252442
     287744
   13442832
    3542144
    8484627
    2017533
   12611356
   10109737
    9418098
   14915245
    4301738
   12532086
    5203273
    9185522
    5489933
   13968198
    7618900
    5347032
    5631608
     698581
    1233639
    9690580
    2391308
    1698829
    8486570
   13648489
   11523346
   12423869
     432840
   10925700
    5508567
    7915957
    8458123
    9329505
     732947
     479277
   13341314
    9634288
    5525071
   11018320
   12259531
   11662051
    8930777
    2333253
    3677971
   13084999
    2162232
       1110
   14706813
    7246535
   14896688
    5373751
    1590006
    9749847
    5394873
   11252284
    4638693
    8433073
    1627375
    6584215
    8825806
     796869
    9275188
    7537077
    9861504
    8311774
   11122918
   12536543
   11108719
     397903
    5142529
    9024855
    7909147
    6134663
    8697902
    9953342
    4494142
    2977227
     324396
   11711978
   14467989
   13526455
   14125352
    4318783
    8279607
   10139141
    2726065
     392761
   10256318
    9498731
    2892660
    3151811
    1155081
   14892813
    7729349
    4209228
   11780982
    2196570
    4782628
    9660838
     829120
    3187875
   14573648
    4248242
   13765300
     638734
     798464
   12590416
   11074061
    7685608
    7692671
    8545163
    4323742
    3407392
    4291897
    4498841
    2741786
    2159847
    9567779
    2136776
   11392458
   14550709
   10000221
   14148937
   11411593
    7290328
    4903726
    6296666
   13315277
    6165204
    2776288
    1241248
   13149251
    8203853
    4006858
    8115394
    5749607
    5664438
    5034494
    4391039
   10455491
    9538341
    2868527
   14688065
   11269979
   10690221
   13942620
    4994064
    7927343
   10218034
    4496438
   12244576
   12694095
    4895882
    8788975
    6259430
   11124576
   12808192
   14131130
    1919441
   14133708
     815778
    9137894
   12391074
   13106176
   13579177
   11145287
   14329142
    5955287
   14112107
    1844412
   10534608
    9992854
   14142979
   11350591
    5405969
    4195949
    1863555
    9935395
    4861596
   10795360
    3761748
    1937547
    6969641
    6286054
   14933396
    5731058
    2782835
    4920172
    4085567
    7164424
    3069614
     705114
    5951893
     874391
   12964980
    3628639
    7274652
    2700141
    9950180
    3075093
   13748729
   14588196
    9333834
   10617831
    1127020
    6286039
    4852187
    5726927
    2871843
    6640027
    7715125
     338934
    4859611
    1477572
    5805516
    4557353
    3373112
    4885118
    3600276
   13240358
    5199379
    7559735
    1212485
   11121838
    2991248
   14824184
    2072942
    5969629
   11314307
    1115997
   14789642
    6698115
    3147734
    1393905
    8896673
    4675568
     877541
   10900763
    2014602
    5602438
   12447808
    1432981
    8274584
    9016000
    7847023
     937442
   14233271
   14158804
   14736440
    7684137
    4221706
    1170052
    4501405
    1051163
    7559361
   12729763
     729446
    3017755
    5566386
    6965751
     561708
   13093860
    5189481
    3034273
    3932433
   13988776
    4617974
     201830
    9100140
    8964211
    1278300
      61719
   10289912
     469708
    7374620
     151716
    3035218
     756002
   12549033
   12281809
    1092345
    1011612
    1448488
    9508978
   12685521
    8518645
    2776375
   11153281
    8857051
    2032654
    3339729
    9102496
    2122983
   13448015
    8057206
    8223745
   12250481
    3034067
    2229596
     753034
   10894101
    1584766
     236468
    9473781
    6048263
    9100228
    1497680
    5495075
   11958663
    7133675
    5945531
    3063330
   14574291
   14554430
    2516878
    6764395
     419549
    5263844
   13853266
   11254380
    7900376
   13051912
    7755018
    3417452
     449660
    4143936
   12074402
   12628200
   12183204
    1149025
    9363166
    1595228
   14034341
     793575
    8109661
    9287523
    7219907
   13646497
    7842363
   10622765
    5473751
    1806712
   14411732
   12867296
   11082553
   10548846
   10545607
    7333240
   13290967
    7214878
    6004125
    7678125
    9842109
    7082832
    9982820
   13371963
    3655143
    1777698
    3682256
   10970204
   11278613
    8659586
    9977222
    7228207
   11379213
    6284107
    5126236
    6556319
    2618241
    6261854
    4709603
    6084952
   12334162
    7496014
    8622317
   12351740
    8474886
   14537954
    5225153
    2576349
    7743575
    5512570
   10824508
   10289076
   11340429
   12929851
     877353
   14295283
   10516274
   14943788
    2455939
    1160523
    9088198
    2980606
   11394515
     678928
    6473685
   11963384
    3124567
    2673587
   10099403
    1670562
    3930393
    7463470
   12838668
   11880556
   13014431
   14850755
    9016739
    9606694
    4253554
   11676551
    1210254
   12940978
    3345207
   12681326
   11494010
    3375041
   12090049
    4024171
    2152751
     586773
    8536984
    9408792
    9914387
   14968839
    3103020
   13345200
    8776855
    2151841
    1977729
    9451333
    7757898
    6550446
    1223230
   14522873
    4441656
    9743094
   11709148
    5324440
    7470076
   13771920
    3569890
   11853943
    3525888
   14603920
    8494054
    7359849
    2806917
    8059824
    1867917
   12886595
     778022
     840195
    9809923
    5973773
    4395115
    2547013
    7499638
    9907465
    7011062
   12411497
    3065595
   14640254
    8272598
    4767571
    6432458
   10376897
    4749442
   12115100
    9613114
   10048716
   12681829
    6426102
    8433077
    6339614
   13250689
    8520295
    4371793
    8807024
    4853458
    4201241
    6402099
    8979398
   12888015
   12073852
    3742782
     916070
    6675549
   14140142
    9230443
    5379459
   11049675
    1730367
   11949229
    9577211
    1636974
    3499608
    8134085
    2665185
    1309389
    8875503
    4522727
    7491892
    2249201
   12203675
   12867295
    3472195
    6890473
    8459722
    9423859
    9842591
    7983379
    9979208
   11160149
    5126215
   10627920
   10957795
    3481424
    8731577
    6094312
   13276237
    6667315
     448614
   10817365
   11037620
   12900305
    6356492
   13541639
    9975850
   11606937
   14244027
    8131231
    3851726
    9832534
    7716693
   13976399
    2184310
    2664027
   14934094
    2075746
    3996959
    6952486
   14914258
   10544100
    6689209
    1027696
   10494532
    7677251
    1035226
   13325780
   11529815
    1438454
   10643239
    4475001
    4962340
    8812799
    2892970
    5140259
    7788062
    4688727
    2679380
   11340818
    6554345
   12030948
    1185932
    9255035
    2518046
   13369869
   14097833
   12309011
   12421897
    2545715
    5410483
    9418066
    1242101
    6581051
    2706680
    6250670
   11419303
     572801
    9085083
     328442
    1896701
   14420820
    4023242
   10955617
   10278095
   13710399
   11670158
   11791996
    7589861
   12913340
   10551960
   12628989
    4483045
    7334694
   10191771
    3136317
   14295279
    7644669
    9255155
    1608414
    1502307
    1333396
    3476770
    3656609
    9543993
   13939521
    7242061
   14860056
   12273663
    4826932
    9437726
   12025088
    5068169
    6762271
    3342825
    2740550
   10431217
    6486542
   11838434
    5019990
    2910097
   14653118
    6860383
   13802085
    8166340
    7131361
    9831729
   12085861
    6900393
    4690192
    8850210
    1727131
   11203930
    7029996
    3799451
    8620178
    3479289
   14635328
   10072828
   10535919
   10085975
   14091816
   13881993
   13182970
    5700735
    7560902
    3321136
   10492049
    1575251
   10783545
   10318375
    1186569
    6510623
    3139387
    1402262
    3016325
   14303729
    5961126
   12614611
   13747591
   13751098
   12040771
    3634668
    8996379
    9869382
   14454073
    4947816
    6604615
    4432190
     740088
    5168938
    8250653
     372536
    4542916
   12542028
    3744109
    6597507
   10097386
   12836717
   10284130
   14140676
    4708615
   11663621
     232505
   11447502
    5297790
    3379758
     555094
   13779829
    5846963
   14785635
    5568371
    1547168
   10674950
   13518206
   14358958
    9959862
    3993800
    3582210
   14535417
   10132328
    1491561
    1110176
      92329
    6443007
   13192189
   13149558
   11183675
    4145879
    4452288
    9506917
    2474473
   11457715
   12841584
   10641365
    8437918
    4502972
    5000322
   12163007
    3790933
   11307046
    3883598
    2013003
   10654264
    8352955
    8669223
    9977785
     123547
    4217032
    5917413
    6245921
    3563356
   13351013
   11437664
   13853452
    9047856
    6451773
   10969672
   14004706
    8194780
     150780
    2976921
    1785791
   12508124
   12329348
    3004800
   14205385
     631088
     709048
   12147072
    3371102
    9060835
     890189
     271390
    5492086
   11094133
     986575
      26851
    8381305
     613665
   11466018
     800098
     343881
   14373725
    4834231
   10057633
    1817418
    7469678
   13079316
    1948487
   11133302
   10332601
   10357512
    1857098
    3434074
   10083813
    5844977
    3422630
    8279574
   10498911
    6444878
    2077656
    1093441
    8279626
   13940819
    4304879
   11901442
   10626269
    1942224
   13579588
    5841992
   11247928
   12273594
   12762028
   13155339
     882072
   14232367
    2748086
   11386081
   12478198
    5943528
     131841
    6207546
   14414884
   11547799
     392065
    3725096
    4826017
    9783719
    1663204
     604501
   11352227
   13620216
    7261225
    2267839
   11843421
   12070907
    5308480
    6492278
   12720208
    2060888
   11573380
    6386354
    4549460
   14695397
    6318424
    1847726
   13545306
    2496809
    4688244
    1846094
    8846968
    8444999
    1699231
    8897248
    7441586
   11260130
    3044684
   13687587
     233823
    8063829
   12063477
    7010141
   12851417
    1853452
   13819005
   14986617
    9570973
    9652405
    3247539
   14711620
    6964627
    4651690
   13374806
    5962060
    4491323
    9026487
    8235176
   13062745
    3465810
    6477999
     953832
    2260074
    5811432
    4004391
     716700
   10310660
   12424843
    9358392
    9500086
    9689365
    3049419
    7765872
    5593800
    4625738
    2313714
    4711471
   10709386
    9004890
    4164806
     364727
     993928
   14282970
   11092224
    9808968
     465790
    2017513
   10930975
   14252386
    4330464
   11478005
   10788027
   10707901
    7311131
    9052302
    9555659
   10986811
     385439
    7442384
    3794190
    6999679
    1541703
    7905626
    2586884
    3897174
    4977298
    2080589
    4435663
   13763144
   13004796
    6644296
   10170268
   11626110
   13924678
    3834113
   13485832
    7868724
   14391226
   12350726
    6076499
   14839705
    7940921
    6378853
     715121
   14677548
   11809385
    1240402
   10180886
    5991763
    2767616
   12383895
   13967596
    2130392
    4271630
    2638767
    3653303
     320795
    8514229
    2953012
    4779924
    4660514
    9035843
    4219822
   13691353
   10747034
   12099964
   11726939
    8677880
    4773784
   11094977
    1433763
    6955796
    8912165
    8074298
    2441858
    6307388
    6293371
    9892660
    8121562
   11871528
   13313780
     407978
   11298701
     783260
    9168087
    6058928
    5575912
    7518091
    7825164
    2948516
   14235465
    4428880
    8221736
    3747462
   12306402
     249658
   11281792
    5824134
    9438879
   13903652
    1851721
    8708402
    3454706
    5686870
   14038969
   11084668
    4823529
   12165583
    2603503
     169595
    9539523
     680443
   11261575
     398931
    9336769
   10151033
    9378378
    6824946
     302605
    9606038
    5521680
    2503251
    5961482
    2917613
   11951560
   13447971
    7546038
   14505875
    5740385
   12811653
    2921138
    2254705
     989701
    3335258
   12811059
    8413042
   11646520
    3827002
    7422267
    5925663
    1021682
   10003457
    9397782
   12305996
    6437317
    3124825
     334622
   11677132
   10524652
    9742084
    5229941
    5897579
    1065630
    6005373
     329394
   13048428
    8614464
    2415833
   13454222
    4066759
    2000385
    7761766
    1474119
    3037381
    4578214
   14555688
   11413387
   11800089
    4051893
    9551356
    9643584
   11162846
    3155074
   14891804
    2488764
    6211700
    5737593
   10374156
   14000886
   12251809
    2476007
   12424347
   12503917
    4904628
    8064253
    1686684
    1095023
   14328562
   12294589
   10032203
     405338
    5240218
     488741
     281224
   13942849
    7704570
    1125098
    9756448
    2884515
   13501676
    3610344
    3563244
   14372417
    2004540
    8268097
   10082557
    9950942
    1843389
    3445900
   14131696
    5005357
    9897218
    5681484
    1686004
    3978758
     531091
    6844250
    6809328
    1331322
    9401332
    2872982
    1051188
   12336388
   10768591
    1869164
   13744295
   10749264
   12873296
    8025072
   10672925
    4555133
    7654962
   10223310
    4207404
    8203953
    4641155
   14969181
     124282
    2143430
    9354420
   12023231
    6815350
    5363726
    1501845
    2177297
    6654025
     547398
    8936788
     271895
   12987648
    2725423
